"","V1","V2","V3","V4","V5","V6","V7","V8","V9"
"1",0.00340216365247842,0.0007380704916182,0.140535842471205,0.00954898449258827,24.4619910163707,6.24868717899094,91.5280807861794,0.3099,0.2863
"2",0.00201750459842027,0.000168244187173777,0.142993011013118,0.00879122576686393,14.1555933128085,1.40364787380329,125.216644025224,0.2266,0.2405
"3",0.00224472707253489,0.00028039216457395,0.132993378732646,0.00792003764256512,16.9210864166292,2.20306284571519,44.7156385977883,0.2192,0.3151
"4",0.00191889519423428,0.000167455036584825,0.185314524631848,0.0128015168758833,10.3841724166072,0.95260354428119,55.842339779144,0.1876,0.232
"5",0.00208136400785808,0.000181473579911164,0.153276786058523,0.00926562062110727,13.6245641734452,1.41327381243146,98.5723231620859,0.2257,0.2448
"6",0.0024918075849043,0.000295480001291464,0.139802941362253,0.00933565973849574,17.9347280355975,2.74303076227261,107.661433642421,0.2649,0.2513
"7",0.00211576831310948,0.000225760893416557,0.142750569992305,0.00860653806094826,14.8648219591643,1.73341518248529,34.9561716153893,0.1843,0.2704
"8",0.00317701455001096,0.000558707209090636,0.170329167474654,0.0123980539307114,18.7113016289453,3.35607772546998,48.9795392045308,0.3045,0.3043
"9",0.00230956775044284,0.000252478360161528,0.186344976053544,0.0125903928718207,12.4201619487849,1.32875244260866,45.2427457459847,0.2075,0.2556
"10",0.00220111493440893,0.000217184129801267,0.150403527105877,0.0102766144519844,14.6837083636384,1.59387827803735,71.4310791535237,0.2097,0.2529
"11",0.00299082102436648,0.00050910282237686,0.159985145436185,0.0114353238765587,18.7653294078072,3.3270994075437,96.5227668953748,0.345,0.3815
"12",0.00259584709885727,0.000328386757240742,0.162684955130827,0.0110965629368331,16.0080739678961,2.14620337278102,60.4697336155689,0.2592,0.3197
"13",0.00250653478186868,0.000257915557478536,0.157958029761333,0.00928041332562364,15.9053662937361,1.73519919100254,52.8602763042288,0.2087,0.2174
"14",0.00259192876375059,0.000337150749789679,0.149225171895152,0.0103436725945256,17.4152622959987,2.29685194188457,49.8470018244598,0.247,0.299
"15",0.00218247205313063,0.00019998440554684,0.162850075135863,0.0106261032260249,13.448381908949,1.42111753753982,83.2733880980238,0.2229,0.3064
"16",0.00248244007189792,0.000358539359969137,0.16060542425576,0.0103013172995949,15.4819613460818,2.19519093489784,14.5077199218235,0.1786,0.1983
"17",0.00235986553562926,0.000262633035148426,0.165296437624939,0.0109616301648908,14.3152973216922,1.65908165264324,43.3765045849832,0.2035,0.2423
"18",0.00210364979324436,0.000191502478628884,0.152545000432014,0.00902763110352339,13.8271498989829,1.39283353632447,48.6721122232476,0.1854,0.2606
"19",0.00237927322285793,0.00027436586988886,0.1636877292003,0.0105170188899578,14.5661264284395,1.68977817507397,35.1655279403819,0.1938,0.2374
"20",0.00268955186971065,0.000327417590986677,0.179654205923896,0.0118064848262241,15.0037264482556,1.82778969772765,43.5141474863219,0.2276,0.2267
"21",0.00229440183835667,0.000268576112808233,0.126021483057606,0.00761614824357941,18.2558054300024,2.28079705089003,30.8747181654859,0.1824,0.2338
"22",0.00234741184931639,0.00026393539263563,0.178458201458597,0.011915342056821,13.1857263126516,1.51316874277143,29.8580286767266,0.1912,0.2401
"23",0.00206818259420247,0.000215698465531252,0.160675552078577,0.00977937097922438,12.905474305341,1.43971065905273,46.6967807173459,0.1982,0.2982
"24",0.00229506491040824,0.000238329536418267,0.138218175780446,0.00858351255476189,16.6518649678924,1.85963591719783,84.1541106758009,0.221,0.3132
"25",0.00246080951981835,0.000279629786851239,0.139463386452517,0.00885156059511508,17.711488293632,2.26738870255578,92.5019525058783,0.2544,0.3143
"26",0.00259989627089463,0.000303042761425631,0.184279838920264,0.0127232244948923,14.1568616697197,1.77290438955659,31.0761842566191,0.193,0.2085
"27",0.00206540017661498,0.00021081493339273,0.141030737505104,0.008639524125462,14.6719094908751,1.48020867149379,55.6021397089422,0.1978,0.2493
"28",0.00219207938234984,0.000216796759399225,0.167253718584277,0.0108855364099649,13.1466204648888,1.42054538584707,77.8701394059706,0.2284,0.2898
"29",0.00258950975359931,0.000299829957077713,0.159175557301031,0.0103185675089365,16.3053241516969,1.91250401048695,49.1855534534153,0.2367,0.2646
"30",0.00240629183733409,0.000261158396753441,0.179908972212445,0.0123997502071823,13.4172677524292,1.55762450431122,45.3840848905524,0.2022,0.2492
"31",0.00247918115296936,0.000294764151396343,0.176535645532421,0.0124531632796614,14.0792004478704,1.6867573682222,43.9520793113596,0.2255,0.2606
"32",0.00237564778227272,0.000269040259771535,0.152925700722371,0.0099865908408439,15.5771555871893,1.84242617374585,52.0183066820741,0.2322,0.322
"33",0.00260740500348971,0.000286610485720409,0.180985815609957,0.0124780917176264,14.4604728107262,1.76748432791876,90.0968169993781,0.2748,0.3308
"34",0.00238230776949329,0.000253983479568766,0.149888386220502,0.00925999474767304,15.9266157762089,1.71924304249329,34.5217794160898,0.1926,0.2142
"35",0.00271494695939354,0.000418407595567228,0.175586092954915,0.0123204389899168,15.4847789806768,2.27861234228939,14.9909502753942,0.1894,0.153
"36",0.00230302093287599,0.000227457460441631,0.1646054041652,0.0100809614983536,14.033749116867,1.55048981370108,94.5124573754319,0.225,0.3075
"37",0.0026258190773801,0.000297070908379247,0.191758683136141,0.0132408744318805,13.7446627807051,1.7225886057161,80.3863069407138,0.2484,0.2897
"38",0.00231366397651746,0.000244908939031529,0.142662418025925,0.00937696027968249,16.2661938262959,1.84572145589738,44.5357502398395,0.1821,0.1268
"39",0.00351831634353018,0.000808285314253246,0.139284350126851,0.0102268629962417,25.5980490889682,7.17747058687186,75.9441303803687,0.3238,0.1925
"40",0.00213351746537698,0.000237694052265278,0.160770277800066,0.0103528927098951,13.3045129070313,1.53080101055973,37.7410582329714,0.1948,0.1552
"41",0.0025741787694919,0.000304974882256923,0.176966278980911,0.0119648285773554,14.6027320750503,1.9259252161709,121.560100955364,0.2827,0.3699
"42",0.00248219673763034,0.000290741359768128,0.181981476404343,0.0118850607043968,13.6730585539293,1.64911542800195,24.1667631277274,0.1987,0.2516
"43",0.00226970240782003,0.000219531289727135,0.180704061325149,0.0121715344187327,12.603443437324,1.3630274748452,79.5675909336331,0.2242,0.3076
"44",0.00219485329106553,0.000193954275290303,0.181998211305392,0.0117172628436074,12.1057374854269,1.28125912212641,113.739984610004,0.2303,0.3048
"45",0.00214500736519157,0.00019284485677379,0.145761753294123,0.0087313720440222,14.7640197946081,1.55431126205636,93.2459042999675,0.2073,0.1829
"46",0.00221169124741731,0.000223292358186378,0.184061368529285,0.0133938528081092,12.0555530016987,1.28728607283851,58.2415141544442,0.2159,0.2848
"47",0.00214923529284376,0.000199366643409149,0.147197201850852,0.00893236214985262,14.6430438889684,1.51631861132254,90.0323738806092,0.2141,0.2889
"48",0.00345496842247839,0.000672793279633586,0.180316123355617,0.0139278118491918,19.2262247889842,3.88108060572838,39.8366271334729,0.301,0.3141
"49",0.00212249053412405,0.000193362668989685,0.184547775833199,0.0120693207831679,11.5445702981325,1.25129780416463,76.8184822348891,0.2193,0.2941
"50",0.00244485225383237,0.000267831038047695,0.170929904878458,0.0114612460505048,14.3441426640205,1.64834185034168,59.6547595873383,0.2307,0.2847
"51",0.00227356703590731,0.000248918280842324,0.152905543096721,0.00998595633367787,14.9269168537462,1.85370899042903,70.2733486345099,0.2255,0.2474
"52",0.00202511067083704,0.000219597892602938,0.147122337580849,0.00951917195055715,13.8090135612902,1.63586505169086,28.6108078971352,0.1508,0.1695
"53",0.00231645247515132,0.000220171097268255,0.170428636692146,0.01141563328414,13.6358702349584,1.43997934905753,34.666528614513,0.1779,0.1589
"54",0.00210208443591231,0.000232565069537778,0.150907021477782,0.00957682863698239,13.9583801504505,1.53526398664367,45.9135139054954,0.2029,0.2961
"55",0.00212150572423388,0.000188850705439192,0.188090020932103,0.0122980106164883,11.312027285517,1.10714062326749,57.2876377109727,0.1908,0.2372
"56",0.00260217302147533,0.000318802758135095,0.169484933032298,0.011993394410271,15.4031545603474,1.988555684569,66.3953770828954,0.2661,0.3083
"57",0.00212722540342052,0.000213237323241292,0.155612229907964,0.00921460041944398,13.7043897924762,1.47313599978486,73.4715574359346,0.1995,0.2783
"58",0.00242589465864259,0.000284345523384348,0.171791997177539,0.0118677321413187,14.144991344629,1.56533803915989,34.9383965875924,0.1939,0.2386
"59",0.00253883809394421,0.000301945916472792,0.183987379873844,0.0128063023070685,13.8472543755754,1.76985473961439,73.7417733930755,0.2594,0.3247
"60",0.00222132247411977,0.000221282361253862,0.154110484990332,0.00938671317065568,14.4550784823615,1.57941469264552,76.0400560042279,0.219,0.3019
"61",0.00202500702615636,0.000181568941423828,0.139220799943492,0.00877556438768055,14.5954915131399,1.53086142682952,94.9271522197237,0.216,0.272
"62",0.00216548239523308,0.00024625630067088,0.155907453887427,0.0108247087168045,13.9231601963836,1.58096457401832,30.6161440611783,0.1657,0.1172
"63",0.00246557874012713,0.000301853042062748,0.148483423875626,0.0094561523147778,16.6504060822735,2.1309905336003,47.4309957163459,0.2078,0.2514
"64",0.00222588218815671,0.000231771137930084,0.157004787118775,0.0096888934667687,14.2193709735129,1.62954283352342,62.8992332247634,0.2043,0.2463
"65",0.00207639706586384,0.000188370366872176,0.164701314615967,0.0102799276753285,12.6462215879478,1.29565801715586,62.9278407588428,0.2092,0.1664
"66",0.00254062609765982,0.000338849946523169,0.169828423646057,0.0110994979190462,14.9812127579405,1.90958745119495,37.9310241464677,0.2189,0.273
"67",0.00247159335234979,0.000228511175547891,0.176474101413537,0.0116539871457754,14.0579343111717,1.52985479846563,76.206631583521,0.2266,0.2815
"68",0.00221080251488828,0.000198707455770283,0.130546170201979,0.00864851305667882,17.0092607723215,1.91591843220593,155.964471515715,0.2209,0.1509
"69",0.00302204181719242,0.000533658825929348,0.14511861292499,0.0101580686618938,20.961779851364,4.17070394130647,117.162475837017,0.309,0.3425
"70",0.00211522892680805,0.000206058361769025,0.155240921872778,0.00968394785685272,13.6660847204245,1.46302890358362,42.0254689520326,0.1748,0.117
"71",0.00211204337361987,0.000231891927479658,0.17138495267267,0.0116432282848274,12.3618831586666,1.44813545608301,53.0360260038032,0.1939,0.2374
"72",0.00237262715011261,0.000395270895804849,0.162776431718356,0.010923758692534,14.5758851122192,2.18550786745145,14.8379057851851,0.19,0.2584
"73",0.00236213571313235,0.000231040073467517,0.145694938512004,0.00884803889479463,16.2596421900524,1.77031315655807,37.3498384531478,0.1739,0.116
"74",0.00240759736609825,0.000296409163945499,0.16586401542397,0.0115506862840311,14.5533476773086,1.79973531359468,49.5605459571493,0.2114,0.2668
"75",0.00226132653700863,0.000231293387418328,0.134764415246365,0.00786935386162771,16.820435491644,1.83448200681358,72.1909511400626,0.216,0.2736
"76",0.00258893485115049,0.000299396623508472,0.185461591028106,0.0128379455408855,14.0137992922698,1.80120196320612,83.0242222978653,0.249,0.263
"77",0.00218047471856085,0.000243331091059226,0.132359905284794,0.00837933184294371,16.5180014701835,1.92775055919557,76.0960259722857,0.224,0.2353
"78",0.00245676253178279,0.000277254070336847,0.189864705903869,0.0130942333756268,12.9682638910711,1.44419190584102,31.7932018569281,0.2307,0.2211
"79",0.00259726091550017,0.000294285089447193,0.164079792746193,0.011092415607447,15.8603087579428,1.7418452475409,43.2755193995417,0.2234,0.2096
"80",0.00220214814834148,0.000256706391093646,0.151039712454257,0.0103725928941097,14.6150429212362,1.69782462757665,39.2559314723572,0.1974,0.2231
"81",0.0024447925715751,0.000296848837376519,0.176305897600588,0.0127462056641564,13.9075856755404,1.72969004796829,42.598674460359,0.2246,0.278
"82",0.00264987259209019,0.000306045262345769,0.170402540162163,0.0111601489002955,15.6002401559012,1.93966682374692,59.0981234386685,0.2401,0.2651
"83",0.00286085228093804,0.00048580948262286,0.170551197831974,0.0123726652024632,16.7564486037973,2.44621457444835,6.6799669970322,0.165,0.1766
"84",0.00209769291264865,0.000191333235062419,0.157516027129261,0.0101934226221149,13.3608652645964,1.38180769065823,76.0750288125356,0.2098,0.2429
"85",0.00251243709308994,0.000271104753803274,0.162742815685435,0.011143757545368,15.4957512756937,1.86164329284353,121.709976877172,0.2643,0.3183
"86",0.0022985639684696,0.00022692810855935,0.179055076988124,0.0118777959881176,12.8715257776397,1.33229245286568,69.2904762159334,0.2265,0.2997
"87",0.00209701090991867,0.000211931606504096,0.167198700193584,0.011377980842054,12.5891532773703,1.44458567039558,70.0264941214491,0.2114,0.2866
"88",0.0021088359977982,0.000171533178913836,0.181889469723854,0.0116958028250922,11.6259768297435,1.03972844829783,62.5135576052817,0.1868,0.28
"89",0.00211338839309611,0.000205929482721852,0.140394009815105,0.00862513157997152,15.0871978669405,1.53091797112794,27.8342240004977,0.1651,0.197
"90",0.00251152932360089,0.000328053758015641,0.127723236014656,0.00821371523640895,19.7214963864547,2.70482684124267,58.7742977333645,0.2414,0.2297
"91",NA,NA,NA,NA,NA,NA,NA,NA,NA
"92",NA,NA,NA,NA,NA,NA,NA,NA,NA
"93",NA,NA,NA,NA,NA,NA,NA,NA,NA
"94",NA,NA,NA,NA,NA,NA,NA,NA,NA
"95",NA,NA,NA,NA,NA,NA,NA,NA,NA
"96",NA,NA,NA,NA,NA,NA,NA,NA,NA
"97",NA,NA,NA,NA,NA,NA,NA,NA,NA
"98",NA,NA,NA,NA,NA,NA,NA,NA,NA
"99",NA,NA,NA,NA,NA,NA,NA,NA,NA
"100",NA,NA,NA,NA,NA,NA,NA,NA,NA
